## htsjdk.samtools.metrics.StringHeader
# MarkDuplicates --BARCODE_TAG BX --INPUT results/group_umis/bam/S12_1_paired_end.bam --OUTPUT results/mark_duplicates/bam/S12_umi.bam --METRICS_FILE results/mark_duplicates/log/S12_umi.metrics.txt --TMP_DIR /mnt/tmp_local/lls_2382406/tmp8fejgie_ --MAX_SEQUENCES_FOR_DISK_READ_ENDS_MAP 50000 --MAX_FILE_HANDLES_FOR_READ_ENDS_MAP 8000 --SORTING_COLLECTION_SIZE_RATIO 0.25 --TAG_DUPLICATE_SET_MEMBERS false --REMOVE_SEQUENCING_DUPLICATES false --TAGGING_POLICY DontTag --CLEAR_DT true --DUPLEX_UMI false --FLOW_MODE false --FLOW_QUALITY_SUM_STRATEGY false --USE_END_IN_UNPAIRED_READS false --USE_UNPAIRED_CLIPPED_END false --UNPAIRED_END_UNCERTAINTY 0 --FLOW_SKIP_FIRST_N_FLOWS 0 --FLOW_Q_IS_KNOWN_END false --FLOW_EFFECTIVE_QUALITY_THRESHOLD 15 --ADD_PG_TAG_TO_READS true --REMOVE_DUPLICATES false --ASSUME_SORTED false --DUPLICATE_SCORING_STRATEGY SUM_OF_BASE_QUALITIES --PROGRAM_RECORD_ID MarkDuplicates --PROGRAM_GROUP_NAME MarkDuplicates --READ_NAME_REGEX <optimized capture of last three ':' separated fields as numeric values> --OPTICAL_DUPLICATE_PIXEL_DISTANCE 100 --MAX_OPTICAL_DUPLICATE_SET_SIZE 300000 --VERBOSITY INFO --QUIET false --VALIDATION_STRINGENCY STRICT --COMPRESSION_LEVEL 5 --MAX_RECORDS_IN_RAM 500000 --CREATE_INDEX false --CREATE_MD5_FILE false --help false --version false --showHidden false --USE_JDK_DEFLATER false --USE_JDK_INFLATER false
## htsjdk.samtools.metrics.StringHeader
# Started on: Fri Jun 28 14:41:20 ACST 2024

## METRICS CLASS	picard.sam.DuplicationMetrics
LIBRARY	UNPAIRED_READS_EXAMINED	READ_PAIRS_EXAMINED	SECONDARY_OR_SUPPLEMENTARY_RDS	UNMAPPED_READS	UNPAIRED_READ_DUPLICATES	READ_PAIR_DUPLICATES	READ_PAIR_OPTICAL_DUPLICATES	PERCENT_DUPLICATION	ESTIMATED_LIBRARY_SIZE
Unknown Library	1	61774278	7221080	0	1	41597572	0	0.67338	21361757

## HISTOGRAM	java.lang.Double
BIN	CoverageMult	all_sets	non_optical_sets
1.0	1	5667848	5667848
2.0	1.055475	4346306	4346306
3.0	1.058553	3519983	3519983
4.0	1.058724	2572660	2572660
5.0	1.058733	1706376	1706376
6.0	1.058734	1040490	1040490
7.0	1.058734	591700	591700
8.0	1.058734	320758	320758
9.0	1.058734	167524	167524
10.0	1.058734	87591	87591
11.0	1.058734	47029	47029
12.0	1.058734	26728	26728
13.0	1.058734	16263	16263
14.0	1.058734	11130	11130
15.0	1.058734	8176	8176
16.0	1.058734	6245	6245
17.0	1.058734	4968	4968
18.0	1.058734	3950	3950
19.0	1.058734	3241	3241
20.0	1.058734	2733	2733
21.0	1.058734	2341	2341
22.0	1.058734	2007	2007
23.0	1.058734	1714	1714
24.0	1.058734	1470	1470
25.0	1.058734	1383	1383
26.0	1.058734	1139	1139
27.0	1.058734	1001	1001
28.0	1.058734	921	921
29.0	1.058734	870	870
30.0	1.058734	746	746
31.0	1.058734	698	698
32.0	1.058734	625	625
33.0	1.058734	599	599
34.0	1.058734	498	498
35.0	1.058734	490	490
36.0	1.058734	434	434
37.0	1.058734	402	402
38.0	1.058734	390	390
39.0	1.058734	344	344
40.0	1.058734	349	349
41.0	1.058734	317	317
42.0	1.058734	292	292
43.0	1.058734	262	262
44.0	1.058734	204	204
45.0	1.058734	218	218
46.0	1.058734	227	227
47.0	1.058734	197	197
48.0	1.058734	200	200
49.0	1.058734	183	183
50.0	1.058734	176	176
51.0	1.058734	173	173
52.0	1.058734	159	159
53.0	1.058734	133	133
54.0	1.058734	142	142
55.0	1.058734	129	129
56.0	1.058734	122	122
57.0	1.058734	118	118
58.0	1.058734	109	109
59.0	1.058734	111	111
60.0	1.058734	95	95
61.0	1.058734	80	80
62.0	1.058734	111	111
63.0	1.058734	90	90
64.0	1.058734	77	77
65.0	1.058734	90	90
66.0	1.058734	76	76
67.0	1.058734	67	67
68.0	1.058734	69	69
69.0	1.058734	72	72
70.0	1.058734	58	58
71.0	1.058734	57	57
72.0	1.058734	53	53
73.0	1.058734	65	65
74.0	1.058734	56	56
75.0	1.058734	62	62
76.0	1.058734	46	46
77.0	1.058734	50	50
78.0	1.058734	49	49
79.0	1.058734	32	32
80.0	1.058734	50	50
81.0	1.058734	49	49
82.0	1.058734	37	37
83.0	1.058734	40	40
84.0	1.058734	38	38
85.0	1.058734	50	50
86.0	1.058734	37	37
87.0	1.058734	34	34
88.0	1.058734	40	40
89.0	1.058734	31	31
90.0	1.058734	31	31
91.0	1.058734	40	40
92.0	1.058734	27	27
93.0	1.058734	32	32
94.0	1.058734	32	32
95.0	1.058734	23	23
96.0	1.058734	20	20
97.0	1.058734	19	19
98.0	1.058734	28	28
99.0	1.058734	25	25
100.0	1.058734	21	21
101.0	0	23	23
102.0	0	30	30
103.0	0	15	15
104.0	0	19	19
105.0	0	22	22
106.0	0	17	17
107.0	0	14	14
108.0	0	18	18
109.0	0	23	23
110.0	0	16	16
111.0	0	9	9
112.0	0	16	16
113.0	0	18	18
114.0	0	12	12
115.0	0	16	16
116.0	0	12	12
117.0	0	13	13
118.0	0	19	19
119.0	0	20	20
120.0	0	7	7
121.0	0	8	8
122.0	0	14	14
123.0	0	14	14
124.0	0	18	18
125.0	0	14	14
126.0	0	12	12
127.0	0	9	9
128.0	0	7	7
129.0	0	12	12
130.0	0	7	7
131.0	0	13	13
132.0	0	9	9
133.0	0	10	10
134.0	0	7	7
135.0	0	12	12
136.0	0	8	8
137.0	0	2	2
138.0	0	6	6
139.0	0	8	8
140.0	0	12	12
141.0	0	7	7
142.0	0	5	5
143.0	0	5	5
144.0	0	10	10
145.0	0	8	8
146.0	0	10	10
147.0	0	2	2
148.0	0	6	6
149.0	0	8	8
150.0	0	5	5
151.0	0	6	6
152.0	0	8	8
153.0	0	7	7
154.0	0	11	11
155.0	0	8	8
156.0	0	6	6
157.0	0	5	5
158.0	0	6	6
159.0	0	3	3
160.0	0	3	3
161.0	0	4	4
162.0	0	5	5
163.0	0	3	3
164.0	0	7	7
165.0	0	2	2
166.0	0	6	6
167.0	0	7	7
168.0	0	6	6
169.0	0	5	5
170.0	0	3	3
171.0	0	3	3
172.0	0	5	5
173.0	0	2	2
174.0	0	5	5
175.0	0	11	11
176.0	0	6	6
177.0	0	5	5
178.0	0	4	4
179.0	0	3	3
180.0	0	1	1
181.0	0	6	6
182.0	0	2	2
183.0	0	5	5
184.0	0	6	6
185.0	0	5	5
186.0	0	5	5
187.0	0	2	2
188.0	0	2	2
189.0	0	4	4
190.0	0	5	5
191.0	0	3	3
192.0	0	2	2
193.0	0	3	3
194.0	0	5	5
195.0	0	5	5
196.0	0	1	1
197.0	0	3	3
198.0	0	4	4
199.0	0	6	6
200.0	0	4	4
201.0	0	4	4
202.0	0	3	3
203.0	0	6	6
204.0	0	2	2
205.0	0	2	2
206.0	0	1	1
207.0	0	2	2
208.0	0	2	2
209.0	0	2	2
210.0	0	1	1
211.0	0	7	7
212.0	0	3	3
213.0	0	1	1
214.0	0	2	2
215.0	0	1	1
216.0	0	6	6
217.0	0	1	1
218.0	0	2	2
219.0	0	3	3
220.0	0	2	2
221.0	0	1	1
222.0	0	1	1
223.0	0	1	1
225.0	0	1	1
226.0	0	2	2
227.0	0	3	3
228.0	0	2	2
230.0	0	1	1
231.0	0	2	2
234.0	0	2	2
236.0	0	1	1
237.0	0	2	2
238.0	0	2	2
239.0	0	1	1
241.0	0	2	2
243.0	0	1	1
244.0	0	2	2
245.0	0	1	1
246.0	0	2	2
249.0	0	4	4
250.0	0	1	1
251.0	0	1	1
252.0	0	1	1
253.0	0	4	4
254.0	0	1	1
255.0	0	4	4
257.0	0	1	1
258.0	0	3	3
259.0	0	4	4
260.0	0	1	1
261.0	0	1	1
262.0	0	1	1
263.0	0	1	1
265.0	0	1	1
266.0	0	4	4
267.0	0	2	2
270.0	0	4	4
272.0	0	2	2
273.0	0	1	1
274.0	0	1	1
276.0	0	1	1
277.0	0	2	2
279.0	0	1	1
281.0	0	2	2
283.0	0	2	2
285.0	0	2	2
286.0	0	1	1
287.0	0	1	1
288.0	0	2	2
289.0	0	1	1
290.0	0	1	1
292.0	0	1	1
294.0	0	1	1
296.0	0	2	2
299.0	0	1	1
300.0	0	2	2
302.0	0	2	2
305.0	0	2	2
308.0	0	2	2
310.0	0	1	1
313.0	0	2	2
317.0	0	3	3
318.0	0	2	2
319.0	0	1	1
320.0	0	1	1
324.0	0	1	1
325.0	0	1	1
326.0	0	1	1
334.0	0	4	4
335.0	0	2	2
338.0	0	1	1
339.0	0	1	1
340.0	0	2	2
342.0	0	1	1
343.0	0	1	1
353.0	0	1	1
354.0	0	1	1
356.0	0	1	1
368.0	0	1	1
372.0	0	1	1
373.0	0	1	1
375.0	0	1	1
376.0	0	1	1
378.0	0	1	1
384.0	0	1	1
386.0	0	2	2
388.0	0	1	1
389.0	0	1	1
394.0	0	1	1
401.0	0	1	1
402.0	0	2	2
404.0	0	1	1
405.0	0	1	1
411.0	0	1	1
418.0	0	1	1
432.0	0	1	1
455.0	0	1	1
460.0	0	1	1
464.0	0	1	1
474.0	0	1	1
478.0	0	1	1
519.0	0	1	1
543.0	0	1	1
591.0	0	1	1
599.0	0	1	1
658.0	0	1	1
667.0	0	1	1

