## htsjdk.samtools.metrics.StringHeader
# MarkDuplicates --BARCODE_TAG BX --INPUT results/group_umis/bam/S13_1_paired_end.bam --OUTPUT results/mark_duplicates/bam/S13_umi.bam --METRICS_FILE results/mark_duplicates/log/S13_umi.metrics.txt --TMP_DIR /mnt/tmp_local/lls_2382487/tmp5iy1k78x --MAX_SEQUENCES_FOR_DISK_READ_ENDS_MAP 50000 --MAX_FILE_HANDLES_FOR_READ_ENDS_MAP 8000 --SORTING_COLLECTION_SIZE_RATIO 0.25 --TAG_DUPLICATE_SET_MEMBERS false --REMOVE_SEQUENCING_DUPLICATES false --TAGGING_POLICY DontTag --CLEAR_DT true --DUPLEX_UMI false --FLOW_MODE false --FLOW_QUALITY_SUM_STRATEGY false --USE_END_IN_UNPAIRED_READS false --USE_UNPAIRED_CLIPPED_END false --UNPAIRED_END_UNCERTAINTY 0 --FLOW_SKIP_FIRST_N_FLOWS 0 --FLOW_Q_IS_KNOWN_END false --FLOW_EFFECTIVE_QUALITY_THRESHOLD 15 --ADD_PG_TAG_TO_READS true --REMOVE_DUPLICATES false --ASSUME_SORTED false --DUPLICATE_SCORING_STRATEGY SUM_OF_BASE_QUALITIES --PROGRAM_RECORD_ID MarkDuplicates --PROGRAM_GROUP_NAME MarkDuplicates --READ_NAME_REGEX <optimized capture of last three ':' separated fields as numeric values> --OPTICAL_DUPLICATE_PIXEL_DISTANCE 100 --MAX_OPTICAL_DUPLICATE_SET_SIZE 300000 --VERBOSITY INFO --QUIET false --VALIDATION_STRINGENCY STRICT --COMPRESSION_LEVEL 5 --MAX_RECORDS_IN_RAM 500000 --CREATE_INDEX false --CREATE_MD5_FILE false --help false --version false --showHidden false --USE_JDK_DEFLATER false --USE_JDK_INFLATER false
## htsjdk.samtools.metrics.StringHeader
# Started on: Fri Jun 28 15:02:39 ACST 2024

## METRICS CLASS	picard.sam.DuplicationMetrics
LIBRARY	UNPAIRED_READS_EXAMINED	READ_PAIRS_EXAMINED	SECONDARY_OR_SUPPLEMENTARY_RDS	UNMAPPED_READS	UNPAIRED_READ_DUPLICATES	READ_PAIR_DUPLICATES	READ_PAIR_OPTICAL_DUPLICATES	PERCENT_DUPLICATION	ESTIMATED_LIBRARY_SIZE
Unknown Library	1	73172639	10478924	0	1	47318212	0	0.646665	27873142

## HISTOGRAM	java.lang.Double
BIN	CoverageMult	all_sets	non_optical_sets
1.0	1	7939615	7939615
2.0	1.072425	6041505	6041505
3.0	1.07767	4596178	4596178
4.0	1.07805	3110139	3110139
5.0	1.078078	1893378	1893378
6.0	1.07808	1060828	1060828
7.0	1.07808	557512	557512
8.0	1.07808	283296	283296
9.0	1.07808	141405	141405
10.0	1.07808	73107	73107
11.0	1.07808	40354	40354
12.0	1.07808	24731	24731
13.0	1.07808	16138	16138
14.0	1.07808	11722	11722
15.0	1.07808	8705	8705
16.0	1.07808	7149	7149
17.0	1.07808	5652	5652
18.0	1.07808	4806	4806
19.0	1.07808	3949	3949
20.0	1.07808	3350	3350
21.0	1.07808	2767	2767
22.0	1.07808	2393	2393
23.0	1.07808	2099	2099
24.0	1.07808	1843	1843
25.0	1.07808	1671	1671
26.0	1.07808	1401	1401
27.0	1.07808	1281	1281
28.0	1.07808	1118	1118
29.0	1.07808	1021	1021
30.0	1.07808	911	911
31.0	1.07808	903	903
32.0	1.07808	825	825
33.0	1.07808	707	707
34.0	1.07808	689	689
35.0	1.07808	607	607
36.0	1.07808	632	632
37.0	1.07808	556	556
38.0	1.07808	491	491
39.0	1.07808	419	419
40.0	1.07808	430	430
41.0	1.07808	382	382
42.0	1.07808	381	381
43.0	1.07808	320	320
44.0	1.07808	310	310
45.0	1.07808	281	281
46.0	1.07808	289	289
47.0	1.07808	251	251
48.0	1.07808	225	225
49.0	1.07808	220	220
50.0	1.07808	217	217
51.0	1.07808	179	179
52.0	1.07808	194	194
53.0	1.07808	195	195
54.0	1.07808	182	182
55.0	1.07808	154	154
56.0	1.07808	158	158
57.0	1.07808	159	159
58.0	1.07808	147	147
59.0	1.07808	127	127
60.0	1.07808	116	116
61.0	1.07808	137	137
62.0	1.07808	116	116
63.0	1.07808	108	108
64.0	1.07808	102	102
65.0	1.07808	104	104
66.0	1.07808	98	98
67.0	1.07808	88	88
68.0	1.07808	63	63
69.0	1.07808	72	72
70.0	1.07808	79	79
71.0	1.07808	80	80
72.0	1.07808	60	60
73.0	1.07808	65	65
74.0	1.07808	70	70
75.0	1.07808	71	71
76.0	1.07808	71	71
77.0	1.07808	63	63
78.0	1.07808	52	52
79.0	1.07808	49	49
80.0	1.07808	51	51
81.0	1.07808	56	56
82.0	1.07808	46	46
83.0	1.07808	30	30
84.0	1.07808	49	49
85.0	1.07808	53	53
86.0	1.07808	53	53
87.0	1.07808	44	44
88.0	1.07808	40	40
89.0	1.07808	31	31
90.0	1.07808	40	40
91.0	1.07808	39	39
92.0	1.07808	34	34
93.0	1.07808	30	30
94.0	1.07808	32	32
95.0	1.07808	29	29
96.0	1.07808	33	33
97.0	1.07808	36	36
98.0	1.07808	35	35
99.0	1.07808	25	25
100.0	1.07808	30	30
101.0	0	23	23
102.0	0	21	21
103.0	0	30	30
104.0	0	23	23
105.0	0	21	21
106.0	0	29	29
107.0	0	21	21
108.0	0	21	21
109.0	0	29	29
110.0	0	21	21
111.0	0	25	25
112.0	0	18	18
113.0	0	17	17
114.0	0	21	21
115.0	0	21	21
116.0	0	21	21
117.0	0	17	17
118.0	0	20	20
119.0	0	18	18
120.0	0	11	11
121.0	0	17	17
122.0	0	11	11
123.0	0	17	17
124.0	0	12	12
125.0	0	11	11
126.0	0	14	14
127.0	0	18	18
128.0	0	11	11
129.0	0	13	13
130.0	0	9	9
131.0	0	15	15
132.0	0	12	12
133.0	0	17	17
134.0	0	11	11
135.0	0	11	11
136.0	0	15	15
137.0	0	11	11
138.0	0	8	8
139.0	0	18	18
140.0	0	7	7
141.0	0	7	7
142.0	0	9	9
143.0	0	13	13
144.0	0	9	9
145.0	0	10	10
146.0	0	9	9
147.0	0	11	11
148.0	0	8	8
149.0	0	7	7
150.0	0	9	9
151.0	0	8	8
152.0	0	5	5
153.0	0	11	11
154.0	0	8	8
155.0	0	10	10
156.0	0	8	8
157.0	0	8	8
158.0	0	4	4
159.0	0	3	3
160.0	0	7	7
161.0	0	9	9
162.0	0	5	5
163.0	0	4	4
164.0	0	3	3
165.0	0	7	7
166.0	0	10	10
167.0	0	6	6
168.0	0	11	11
169.0	0	7	7
170.0	0	4	4
171.0	0	8	8
172.0	0	5	5
173.0	0	6	6
174.0	0	3	3
175.0	0	3	3
176.0	0	2	2
177.0	0	4	4
178.0	0	9	9
179.0	0	5	5
180.0	0	7	7
181.0	0	3	3
182.0	0	6	6
183.0	0	4	4
184.0	0	1	1
185.0	0	2	2
186.0	0	6	6
187.0	0	3	3
188.0	0	5	5
189.0	0	4	4
190.0	0	3	3
191.0	0	4	4
192.0	0	3	3
193.0	0	3	3
194.0	0	3	3
195.0	0	2	2
196.0	0	5	5
197.0	0	2	2
198.0	0	4	4
199.0	0	1	1
200.0	0	4	4
201.0	0	7	7
202.0	0	4	4
203.0	0	5	5
204.0	0	4	4
205.0	0	4	4
206.0	0	2	2
207.0	0	3	3
208.0	0	7	7
209.0	0	4	4
210.0	0	2	2
211.0	0	3	3
212.0	0	1	1
213.0	0	2	2
214.0	0	3	3
215.0	0	5	5
216.0	0	2	2
217.0	0	1	1
218.0	0	4	4
220.0	0	2	2
221.0	0	2	2
222.0	0	1	1
223.0	0	1	1
224.0	0	4	4
227.0	0	5	5
228.0	0	5	5
229.0	0	1	1
230.0	0	2	2
231.0	0	1	1
232.0	0	2	2
233.0	0	2	2
234.0	0	3	3
235.0	0	1	1
236.0	0	2	2
237.0	0	1	1
238.0	0	3	3
241.0	0	2	2
243.0	0	1	1
245.0	0	4	4
248.0	0	2	2
249.0	0	2	2
250.0	0	3	3
252.0	0	4	4
253.0	0	6	6
254.0	0	2	2
255.0	0	2	2
256.0	0	1	1
257.0	0	1	1
258.0	0	3	3
260.0	0	2	2
261.0	0	2	2
262.0	0	3	3
265.0	0	1	1
266.0	0	2	2
267.0	0	2	2
269.0	0	1	1
270.0	0	1	1
271.0	0	1	1
273.0	0	1	1
275.0	0	2	2
276.0	0	2	2
277.0	0	1	1
280.0	0	1	1
282.0	0	2	2
283.0	0	1	1
284.0	0	2	2
285.0	0	2	2
287.0	0	2	2
289.0	0	2	2
290.0	0	2	2
293.0	0	1	1
295.0	0	1	1
296.0	0	1	1
297.0	0	1	1
298.0	0	3	3
299.0	0	1	1
300.0	0	1	1
304.0	0	1	1
305.0	0	5	5
306.0	0	2	2
314.0	0	1	1
315.0	0	2	2
316.0	0	1	1
317.0	0	1	1
318.0	0	1	1
319.0	0	1	1
320.0	0	1	1
321.0	0	1	1
322.0	0	2	2
326.0	0	1	1
330.0	0	1	1
332.0	0	1	1
333.0	0	1	1
335.0	0	1	1
336.0	0	1	1
337.0	0	2	2
339.0	0	1	1
340.0	0	1	1
343.0	0	2	2
345.0	0	2	2
346.0	0	1	1
348.0	0	2	2
349.0	0	1	1
351.0	0	1	1
356.0	0	2	2
358.0	0	1	1
361.0	0	4	4
362.0	0	1	1
363.0	0	1	1
369.0	0	1	1
378.0	0	1	1
379.0	0	1	1
381.0	0	1	1
385.0	0	2	2
387.0	0	1	1
390.0	0	1	1
402.0	0	2	2
417.0	0	1	1
419.0	0	1	1
421.0	0	1	1
426.0	0	1	1
440.0	0	1	1
444.0	0	1	1
470.0	0	1	1
475.0	0	1	1
484.0	0	1	1
486.0	0	1	1
507.0	0	1	1
523.0	0	1	1
606.0	0	1	1
610.0	0	1	1
621.0	0	1	1
624.0	0	1	1
701.0	0	1	1
712.0	0	1	1
714.0	0	1	1
718.0	0	1	1
862.0	0	1	1
1653.0	0	1	1

