## htsjdk.samtools.metrics.StringHeader
# MarkDuplicates --BARCODE_TAG BX --INPUT results/group_umis/bam/S19_1_paired_end.bam --OUTPUT results/mark_duplicates/bam/S19_umi.bam --METRICS_FILE results/mark_duplicates/log/S19_umi.metrics.txt --TMP_DIR /mnt/tmp_local/lls_2382490/tmp6rdknt8x --MAX_SEQUENCES_FOR_DISK_READ_ENDS_MAP 50000 --MAX_FILE_HANDLES_FOR_READ_ENDS_MAP 8000 --SORTING_COLLECTION_SIZE_RATIO 0.25 --TAG_DUPLICATE_SET_MEMBERS false --REMOVE_SEQUENCING_DUPLICATES false --TAGGING_POLICY DontTag --CLEAR_DT true --DUPLEX_UMI false --FLOW_MODE false --FLOW_QUALITY_SUM_STRATEGY false --USE_END_IN_UNPAIRED_READS false --USE_UNPAIRED_CLIPPED_END false --UNPAIRED_END_UNCERTAINTY 0 --FLOW_SKIP_FIRST_N_FLOWS 0 --FLOW_Q_IS_KNOWN_END false --FLOW_EFFECTIVE_QUALITY_THRESHOLD 15 --ADD_PG_TAG_TO_READS true --REMOVE_DUPLICATES false --ASSUME_SORTED false --DUPLICATE_SCORING_STRATEGY SUM_OF_BASE_QUALITIES --PROGRAM_RECORD_ID MarkDuplicates --PROGRAM_GROUP_NAME MarkDuplicates --READ_NAME_REGEX <optimized capture of last three ':' separated fields as numeric values> --OPTICAL_DUPLICATE_PIXEL_DISTANCE 100 --MAX_OPTICAL_DUPLICATE_SET_SIZE 300000 --VERBOSITY INFO --QUIET false --VALIDATION_STRINGENCY STRICT --COMPRESSION_LEVEL 5 --MAX_RECORDS_IN_RAM 500000 --CREATE_INDEX false --CREATE_MD5_FILE false --help false --version false --showHidden false --USE_JDK_DEFLATER false --USE_JDK_INFLATER false
## htsjdk.samtools.metrics.StringHeader
# Started on: Fri Jun 28 15:05:56 ACST 2024

## METRICS CLASS	picard.sam.DuplicationMetrics
LIBRARY	UNPAIRED_READS_EXAMINED	READ_PAIRS_EXAMINED	SECONDARY_OR_SUPPLEMENTARY_RDS	UNMAPPED_READS	UNPAIRED_READ_DUPLICATES	READ_PAIR_DUPLICATES	READ_PAIR_OPTICAL_DUPLICATES	PERCENT_DUPLICATION	ESTIMATED_LIBRARY_SIZE
Unknown Library	5	75061250	11218002	0	4	50682147	0	0.675211	25781563

## HISTOGRAM	java.lang.Double
BIN	CoverageMult	all_sets	non_optical_sets
1.0	1	6850005	6850005
2.0	1.054398	5206171	5206171
3.0	1.057357	4225610	4225610
4.0	1.057518	3112079	3112079
5.0	1.057527	2079032	2079032
6.0	1.057527	1271143	1271143
7.0	1.057527	727221	727221
8.0	1.057527	393144	393144
9.0	1.057527	206463	206463
10.0	1.057527	108097	108097
11.0	1.057527	58735	58735
12.0	1.057527	33629	33629
13.0	1.057527	21288	21288
14.0	1.057527	14476	14476
15.0	1.057527	10788	10788
16.0	1.057527	8165	8165
17.0	1.057527	6626	6626
18.0	1.057527	5261	5261
19.0	1.057527	4409	4409
20.0	1.057527	3625	3625
21.0	1.057527	3143	3143
22.0	1.057527	2695	2695
23.0	1.057527	2377	2377
24.0	1.057527	2056	2056
25.0	1.057527	1704	1704
26.0	1.057527	1554	1554
27.0	1.057527	1386	1386
28.0	1.057527	1289	1289
29.0	1.057527	1112	1112
30.0	1.057527	1043	1043
31.0	1.057527	869	869
32.0	1.057527	853	853
33.0	1.057527	771	771
34.0	1.057527	704	704
35.0	1.057527	644	644
36.0	1.057527	629	629
37.0	1.057527	545	545
38.0	1.057527	501	501
39.0	1.057527	473	473
40.0	1.057527	434	434
41.0	1.057527	391	391
42.0	1.057527	432	432
43.0	1.057527	352	352
44.0	1.057527	319	319
45.0	1.057527	288	288
46.0	1.057527	278	278
47.0	1.057527	255	255
48.0	1.057527	240	240
49.0	1.057527	250	250
50.0	1.057527	222	222
51.0	1.057527	207	207
52.0	1.057527	183	183
53.0	1.057527	201	201
54.0	1.057527	195	195
55.0	1.057527	164	164
56.0	1.057527	150	150
57.0	1.057527	129	129
58.0	1.057527	151	151
59.0	1.057527	132	132
60.0	1.057527	142	142
61.0	1.057527	130	130
62.0	1.057527	103	103
63.0	1.057527	106	106
64.0	1.057527	94	94
65.0	1.057527	112	112
66.0	1.057527	101	101
67.0	1.057527	109	109
68.0	1.057527	80	80
69.0	1.057527	79	79
70.0	1.057527	83	83
71.0	1.057527	79	79
72.0	1.057527	70	70
73.0	1.057527	81	81
74.0	1.057527	77	77
75.0	1.057527	72	72
76.0	1.057527	59	59
77.0	1.057527	56	56
78.0	1.057527	49	49
79.0	1.057527	53	53
80.0	1.057527	54	54
81.0	1.057527	44	44
82.0	1.057527	50	50
83.0	1.057527	40	40
84.0	1.057527	48	48
85.0	1.057527	50	50
86.0	1.057527	32	32
87.0	1.057527	44	44
88.0	1.057527	44	44
89.0	1.057527	36	36
90.0	1.057527	36	36
91.0	1.057527	42	42
92.0	1.057527	39	39
93.0	1.057527	32	32
94.0	1.057527	26	26
95.0	1.057527	34	34
96.0	1.057527	33	33
97.0	1.057527	31	31
98.0	1.057527	25	25
99.0	1.057527	27	27
100.0	1.057527	31	31
101.0	0	31	31
102.0	0	28	28
103.0	0	24	24
104.0	0	25	25
105.0	0	29	29
106.0	0	16	16
107.0	0	24	24
108.0	0	24	24
109.0	0	22	22
110.0	0	18	18
111.0	0	17	17
112.0	0	16	16
113.0	0	15	15
114.0	0	14	14
115.0	0	24	24
116.0	0	20	20
117.0	0	15	15
118.0	0	20	20
119.0	0	23	23
120.0	0	12	12
121.0	0	16	16
122.0	0	12	12
123.0	0	12	12
124.0	0	17	17
125.0	0	8	8
126.0	0	21	21
127.0	0	10	10
128.0	0	14	14
129.0	0	13	13
130.0	0	16	16
131.0	0	16	16
132.0	0	12	12
133.0	0	11	11
134.0	0	14	14
135.0	0	9	9
136.0	0	18	18
137.0	0	9	9
138.0	0	9	9
139.0	0	7	7
140.0	0	12	12
141.0	0	9	9
142.0	0	16	16
143.0	0	10	10
144.0	0	14	14
145.0	0	5	5
146.0	0	6	6
147.0	0	6	6
148.0	0	6	6
149.0	0	11	11
150.0	0	8	8
151.0	0	7	7
152.0	0	11	11
153.0	0	6	6
154.0	0	10	10
155.0	0	10	10
156.0	0	10	10
157.0	0	10	10
158.0	0	11	11
159.0	0	5	5
160.0	0	7	7
161.0	0	3	3
162.0	0	11	11
163.0	0	4	4
164.0	0	9	9
165.0	0	1	1
166.0	0	4	4
167.0	0	6	6
168.0	0	9	9
169.0	0	8	8
170.0	0	3	3
171.0	0	5	5
172.0	0	3	3
173.0	0	6	6
174.0	0	8	8
175.0	0	5	5
176.0	0	3	3
177.0	0	2	2
178.0	0	3	3
179.0	0	2	2
180.0	0	2	2
181.0	0	3	3
182.0	0	4	4
183.0	0	5	5
184.0	0	6	6
185.0	0	5	5
186.0	0	7	7
187.0	0	4	4
188.0	0	5	5
189.0	0	4	4
190.0	0	6	6
191.0	0	5	5
192.0	0	6	6
193.0	0	4	4
194.0	0	3	3
195.0	0	4	4
196.0	0	9	9
197.0	0	2	2
198.0	0	7	7
199.0	0	2	2
200.0	0	4	4
201.0	0	3	3
202.0	0	5	5
203.0	0	7	7
204.0	0	4	4
205.0	0	4	4
206.0	0	6	6
207.0	0	2	2
208.0	0	3	3
209.0	0	1	1
210.0	0	2	2
211.0	0	5	5
212.0	0	4	4
213.0	0	1	1
214.0	0	1	1
215.0	0	1	1
216.0	0	1	1
218.0	0	2	2
219.0	0	1	1
220.0	0	4	4
221.0	0	2	2
223.0	0	3	3
224.0	0	6	6
225.0	0	1	1
226.0	0	5	5
227.0	0	1	1
228.0	0	1	1
229.0	0	4	4
231.0	0	1	1
232.0	0	4	4
233.0	0	1	1
234.0	0	6	6
235.0	0	2	2
237.0	0	1	1
238.0	0	2	2
240.0	0	5	5
242.0	0	1	1
244.0	0	1	1
245.0	0	2	2
246.0	0	1	1
247.0	0	3	3
249.0	0	1	1
250.0	0	1	1
251.0	0	1	1
253.0	0	4	4
257.0	0	1	1
258.0	0	2	2
259.0	0	1	1
260.0	0	1	1
262.0	0	2	2
263.0	0	2	2
265.0	0	1	1
266.0	0	1	1
267.0	0	1	1
270.0	0	2	2
271.0	0	3	3
272.0	0	4	4
275.0	0	2	2
277.0	0	4	4
278.0	0	1	1
281.0	0	1	1
282.0	0	1	1
285.0	0	1	1
286.0	0	2	2
288.0	0	1	1
291.0	0	4	4
293.0	0	1	1
295.0	0	2	2
296.0	0	2	2
297.0	0	2	2
298.0	0	2	2
300.0	0	3	3
306.0	0	1	1
307.0	0	1	1
308.0	0	1	1
309.0	0	1	1
311.0	0	2	2
314.0	0	1	1
316.0	0	1	1
317.0	0	2	2
318.0	0	1	1
319.0	0	1	1
320.0	0	1	1
321.0	0	3	3
323.0	0	1	1
326.0	0	1	1
327.0	0	1	1
332.0	0	1	1
334.0	0	1	1
335.0	0	1	1
336.0	0	1	1
337.0	0	1	1
338.0	0	1	1
341.0	0	1	1
342.0	0	2	2
345.0	0	1	1
346.0	0	2	2
353.0	0	1	1
360.0	0	1	1
365.0	0	1	1
367.0	0	1	1
368.0	0	2	2
371.0	0	1	1
376.0	0	1	1
377.0	0	1	1
388.0	0	1	1
389.0	0	1	1
392.0	0	3	3
405.0	0	1	1
412.0	0	2	2
414.0	0	1	1
421.0	0	1	1
435.0	0	1	1
437.0	0	1	1
442.0	0	1	1
450.0	0	1	1
457.0	0	1	1
466.0	0	1	1
472.0	0	1	1
475.0	0	1	1
476.0	0	2	2
518.0	0	1	1
528.0	0	1	1
546.0	0	1	1
560.0	0	1	1
603.0	0	1	1
613.0	0	1	1
627.0	0	1	1
737.0	0	1	1
786.0	0	1	1
902.0	0	1	1
955.0	0	1	1
1784.0	0	1	1

