## htsjdk.samtools.metrics.StringHeader
# MarkDuplicates --BARCODE_TAG BX --INPUT results/group_umis/bam/S20_1_paired_end.bam --OUTPUT results/mark_duplicates/bam/S20_umi.bam --METRICS_FILE results/mark_duplicates/log/S20_umi.metrics.txt --TMP_DIR /mnt/tmp_local/lls_2382410/tmpzic16kfd --MAX_SEQUENCES_FOR_DISK_READ_ENDS_MAP 50000 --MAX_FILE_HANDLES_FOR_READ_ENDS_MAP 8000 --SORTING_COLLECTION_SIZE_RATIO 0.25 --TAG_DUPLICATE_SET_MEMBERS false --REMOVE_SEQUENCING_DUPLICATES false --TAGGING_POLICY DontTag --CLEAR_DT true --DUPLEX_UMI false --FLOW_MODE false --FLOW_QUALITY_SUM_STRATEGY false --USE_END_IN_UNPAIRED_READS false --USE_UNPAIRED_CLIPPED_END false --UNPAIRED_END_UNCERTAINTY 0 --FLOW_SKIP_FIRST_N_FLOWS 0 --FLOW_Q_IS_KNOWN_END false --FLOW_EFFECTIVE_QUALITY_THRESHOLD 15 --ADD_PG_TAG_TO_READS true --REMOVE_DUPLICATES false --ASSUME_SORTED false --DUPLICATE_SCORING_STRATEGY SUM_OF_BASE_QUALITIES --PROGRAM_RECORD_ID MarkDuplicates --PROGRAM_GROUP_NAME MarkDuplicates --READ_NAME_REGEX <optimized capture of last three ':' separated fields as numeric values> --OPTICAL_DUPLICATE_PIXEL_DISTANCE 100 --MAX_OPTICAL_DUPLICATE_SET_SIZE 300000 --VERBOSITY INFO --QUIET false --VALIDATION_STRINGENCY STRICT --COMPRESSION_LEVEL 5 --MAX_RECORDS_IN_RAM 500000 --CREATE_INDEX false --CREATE_MD5_FILE false --help false --version false --showHidden false --USE_JDK_DEFLATER false --USE_JDK_INFLATER false
## htsjdk.samtools.metrics.StringHeader
# Started on: Fri Jun 28 14:46:14 ACST 2024

## METRICS CLASS	picard.sam.DuplicationMetrics
LIBRARY	UNPAIRED_READS_EXAMINED	READ_PAIRS_EXAMINED	SECONDARY_OR_SUPPLEMENTARY_RDS	UNMAPPED_READS	UNPAIRED_READ_DUPLICATES	READ_PAIR_DUPLICATES	READ_PAIR_OPTICAL_DUPLICATES	PERCENT_DUPLICATION	ESTIMATED_LIBRARY_SIZE
Unknown Library	3	64881215	7773586	0	3	40592301	0	0.62564	26613402

## HISTOGRAM	java.lang.Double
BIN	CoverageMult	all_sets	non_optical_sets
1.0	1	7938001	7938001
2.0	1.087343	5956431	5956431
3.0	1.094972	4316591	4316591
4.0	1.095638	2760531	2760531
5.0	1.095696	1584124	1584124
6.0	1.095701	839972	839972
7.0	1.095702	421487	421487
8.0	1.095702	204915	204915
9.0	1.095702	99962	99962
10.0	1.095702	51712	51712
11.0	1.095702	29000	29000
12.0	1.095702	17978	17978
13.0	1.095702	12148	12148
14.0	1.095702	8801	8801
15.0	1.095702	6848	6848
16.0	1.095702	5345	5345
17.0	1.095702	4418	4418
18.0	1.095702	3562	3562
19.0	1.095702	2789	2789
20.0	1.095702	2477	2477
21.0	1.095702	2124	2124
22.0	1.095702	1775	1775
23.0	1.095702	1541	1541
24.0	1.095702	1424	1424
25.0	1.095702	1203	1203
26.0	1.095702	1028	1028
27.0	1.095702	947	947
28.0	1.095702	837	837
29.0	1.095702	758	758
30.0	1.095702	671	671
31.0	1.095702	609	609
32.0	1.095702	527	527
33.0	1.095702	525	525
34.0	1.095702	462	462
35.0	1.095702	413	413
36.0	1.095702	398	398
37.0	1.095702	405	405
38.0	1.095702	300	300
39.0	1.095702	295	295
40.0	1.095702	298	298
41.0	1.095702	247	247
42.0	1.095702	237	237
43.0	1.095702	249	249
44.0	1.095702	209	209
45.0	1.095702	192	192
46.0	1.095702	190	190
47.0	1.095702	168	168
48.0	1.095702	172	172
49.0	1.095702	157	157
50.0	1.095702	135	135
51.0	1.095702	125	125
52.0	1.095702	147	147
53.0	1.095702	129	129
54.0	1.095702	118	118
55.0	1.095702	107	107
56.0	1.095702	83	83
57.0	1.095702	97	97
58.0	1.095702	84	84
59.0	1.095702	87	87
60.0	1.095702	66	66
61.0	1.095702	82	82
62.0	1.095702	73	73
63.0	1.095702	76	76
64.0	1.095702	72	72
65.0	1.095702	67	67
66.0	1.095702	45	45
67.0	1.095702	55	55
68.0	1.095702	52	52
69.0	1.095702	55	55
70.0	1.095702	65	65
71.0	1.095702	45	45
72.0	1.095702	37	37
73.0	1.095702	41	41
74.0	1.095702	42	42
75.0	1.095702	46	46
76.0	1.095702	40	40
77.0	1.095702	42	42
78.0	1.095702	32	32
79.0	1.095702	31	31
80.0	1.095702	41	41
81.0	1.095702	33	33
82.0	1.095702	37	37
83.0	1.095702	32	32
84.0	1.095702	32	32
85.0	1.095702	23	23
86.0	1.095702	36	36
87.0	1.095702	24	24
88.0	1.095702	28	28
89.0	1.095702	28	28
90.0	1.095702	21	21
91.0	1.095702	34	34
92.0	1.095702	25	25
93.0	1.095702	28	28
94.0	1.095702	19	19
95.0	1.095702	26	26
96.0	1.095702	20	20
97.0	1.095702	21	21
98.0	1.095702	16	16
99.0	1.095702	13	13
100.0	1.095702	17	17
101.0	0	18	18
102.0	0	9	9
103.0	0	15	15
104.0	0	15	15
105.0	0	18	18
106.0	0	13	13
107.0	0	12	12
108.0	0	12	12
109.0	0	11	11
110.0	0	20	20
111.0	0	12	12
112.0	0	16	16
113.0	0	18	18
114.0	0	13	13
115.0	0	11	11
116.0	0	9	9
117.0	0	9	9
118.0	0	15	15
119.0	0	6	6
120.0	0	9	9
121.0	0	12	12
122.0	0	9	9
123.0	0	7	7
124.0	0	6	6
125.0	0	6	6
126.0	0	5	5
127.0	0	15	15
128.0	0	4	4
129.0	0	7	7
130.0	0	5	5
131.0	0	3	3
132.0	0	4	4
133.0	0	8	8
134.0	0	9	9
135.0	0	10	10
136.0	0	10	10
137.0	0	5	5
138.0	0	6	6
139.0	0	7	7
140.0	0	10	10
141.0	0	5	5
142.0	0	7	7
143.0	0	8	8
144.0	0	5	5
145.0	0	3	3
146.0	0	4	4
147.0	0	4	4
148.0	0	6	6
149.0	0	5	5
150.0	0	6	6
151.0	0	9	9
152.0	0	2	2
153.0	0	7	7
154.0	0	2	2
155.0	0	3	3
156.0	0	5	5
157.0	0	5	5
158.0	0	6	6
159.0	0	1	1
160.0	0	5	5
161.0	0	6	6
162.0	0	2	2
163.0	0	4	4
164.0	0	4	4
165.0	0	2	2
166.0	0	5	5
167.0	0	2	2
168.0	0	2	2
169.0	0	3	3
170.0	0	3	3
171.0	0	3	3
173.0	0	2	2
174.0	0	5	5
175.0	0	2	2
176.0	0	3	3
177.0	0	2	2
178.0	0	3	3
179.0	0	3	3
180.0	0	5	5
183.0	0	6	6
186.0	0	2	2
187.0	0	2	2
188.0	0	2	2
189.0	0	4	4
190.0	0	3	3
191.0	0	1	1
192.0	0	2	2
193.0	0	2	2
195.0	0	2	2
196.0	0	4	4
197.0	0	3	3
198.0	0	1	1
199.0	0	2	2
200.0	0	2	2
201.0	0	2	2
202.0	0	2	2
204.0	0	2	2
205.0	0	2	2
206.0	0	3	3
207.0	0	4	4
208.0	0	4	4
209.0	0	1	1
211.0	0	3	3
212.0	0	2	2
213.0	0	1	1
214.0	0	2	2
216.0	0	1	1
218.0	0	2	2
220.0	0	2	2
221.0	0	1	1
222.0	0	4	4
223.0	0	2	2
225.0	0	3	3
226.0	0	2	2
227.0	0	1	1
229.0	0	1	1
230.0	0	1	1
232.0	0	2	2
233.0	0	1	1
234.0	0	1	1
235.0	0	2	2
237.0	0	1	1
238.0	0	1	1
239.0	0	1	1
242.0	0	3	3
243.0	0	2	2
244.0	0	1	1
247.0	0	1	1
248.0	0	1	1
249.0	0	3	3
250.0	0	3	3
251.0	0	1	1
252.0	0	1	1
253.0	0	2	2
256.0	0	1	1
257.0	0	1	1
259.0	0	1	1
260.0	0	3	3
263.0	0	1	1
265.0	0	2	2
267.0	0	1	1
268.0	0	2	2
269.0	0	2	2
270.0	0	1	1
271.0	0	1	1
272.0	0	1	1
276.0	0	1	1
278.0	0	2	2
280.0	0	1	1
286.0	0	1	1
288.0	0	1	1
289.0	0	1	1
295.0	0	2	2
300.0	0	2	2
305.0	0	1	1
308.0	0	1	1
311.0	0	1	1
313.0	0	1	1
314.0	0	1	1
322.0	0	1	1
326.0	0	1	1
345.0	0	1	1
353.0	0	1	1
365.0	0	1	1
372.0	0	1	1
382.0	0	1	1
385.0	0	1	1
388.0	0	1	1
402.0	0	1	1
440.0	0	1	1
480.0	0	1	1
561.0	0	1	1
582.0	0	1	1
605.0	0	1	1
728.0	0	1	1
962.0	0	1	1

