## htsjdk.samtools.metrics.StringHeader
# MarkDuplicates --BARCODE_TAG BX --INPUT results/group_umis/bam/S23_1_paired_end.bam --OUTPUT results/mark_duplicates/bam/S23_umi.bam --METRICS_FILE results/mark_duplicates/log/S23_umi.metrics.txt --TMP_DIR /mnt/tmp_local/lls_2382519/tmpx_sjwpuh --MAX_SEQUENCES_FOR_DISK_READ_ENDS_MAP 50000 --MAX_FILE_HANDLES_FOR_READ_ENDS_MAP 8000 --SORTING_COLLECTION_SIZE_RATIO 0.25 --TAG_DUPLICATE_SET_MEMBERS false --REMOVE_SEQUENCING_DUPLICATES false --TAGGING_POLICY DontTag --CLEAR_DT true --DUPLEX_UMI false --FLOW_MODE false --FLOW_QUALITY_SUM_STRATEGY false --USE_END_IN_UNPAIRED_READS false --USE_UNPAIRED_CLIPPED_END false --UNPAIRED_END_UNCERTAINTY 0 --FLOW_SKIP_FIRST_N_FLOWS 0 --FLOW_Q_IS_KNOWN_END false --FLOW_EFFECTIVE_QUALITY_THRESHOLD 15 --ADD_PG_TAG_TO_READS true --REMOVE_DUPLICATES false --ASSUME_SORTED false --DUPLICATE_SCORING_STRATEGY SUM_OF_BASE_QUALITIES --PROGRAM_RECORD_ID MarkDuplicates --PROGRAM_GROUP_NAME MarkDuplicates --READ_NAME_REGEX <optimized capture of last three ':' separated fields as numeric values> --OPTICAL_DUPLICATE_PIXEL_DISTANCE 100 --MAX_OPTICAL_DUPLICATE_SET_SIZE 300000 --VERBOSITY INFO --QUIET false --VALIDATION_STRINGENCY STRICT --COMPRESSION_LEVEL 5 --MAX_RECORDS_IN_RAM 500000 --CREATE_INDEX false --CREATE_MD5_FILE false --help false --version false --showHidden false --USE_JDK_DEFLATER false --USE_JDK_INFLATER false
## htsjdk.samtools.metrics.StringHeader
# Started on: Fri Jun 28 15:26:51 ACST 2024

## METRICS CLASS	picard.sam.DuplicationMetrics
LIBRARY	UNPAIRED_READS_EXAMINED	READ_PAIRS_EXAMINED	SECONDARY_OR_SUPPLEMENTARY_RDS	UNMAPPED_READS	UNPAIRED_READ_DUPLICATES	READ_PAIR_DUPLICATES	READ_PAIR_OPTICAL_DUPLICATES	PERCENT_DUPLICATION	ESTIMATED_LIBRARY_SIZE
Unknown Library	5	111535792	13330902	0	4	92054883	0	0.825339	19545894

## HISTOGRAM	java.lang.Double
BIN	CoverageMult	all_sets	non_optical_sets
1.0	1	3159836	3159836
2.0	1.003325	1794049	1794049
3.0	1.003336	1825679	1825679
4.0	1.003336	1879509	1879509
5.0	1.003336	1860521	1860521
6.0	1.003336	1760642	1760642
7.0	1.003336	1586251	1586251
8.0	1.003336	1364358	1364358
9.0	1.003336	1120350	1120350
10.0	1.003336	881716	881716
11.0	1.003336	667478	667478
12.0	1.003336	484894	484894
13.0	1.003336	341045	341045
14.0	1.003336	234111	234111
15.0	1.003336	156830	156830
16.0	1.003336	103516	103516
17.0	1.003336	67991	67991
18.0	1.003336	44601	44601
19.0	1.003336	30531	30531
20.0	1.003336	20955	20955
21.0	1.003336	14969	14969
22.0	1.003336	11403	11403
23.0	1.003336	8535	8535
24.0	1.003336	6968	6968
25.0	1.003336	5729	5729
26.0	1.003336	4751	4751
27.0	1.003336	4150	4150
28.0	1.003336	3552	3552
29.0	1.003336	3042	3042
30.0	1.003336	2687	2687
31.0	1.003336	2391	2391
32.0	1.003336	2099	2099
33.0	1.003336	1753	1753
34.0	1.003336	1654	1654
35.0	1.003336	1392	1392
36.0	1.003336	1376	1376
37.0	1.003336	1232	1232
38.0	1.003336	1120	1120
39.0	1.003336	991	991
40.0	1.003336	909	909
41.0	1.003336	853	853
42.0	1.003336	775	775
43.0	1.003336	707	707
44.0	1.003336	693	693
45.0	1.003336	607	607
46.0	1.003336	594	594
47.0	1.003336	535	535
48.0	1.003336	498	498
49.0	1.003336	454	454
50.0	1.003336	440	440
51.0	1.003336	370	370
52.0	1.003336	350	350
53.0	1.003336	374	374
54.0	1.003336	345	345
55.0	1.003336	340	340
56.0	1.003336	298	298
57.0	1.003336	288	288
58.0	1.003336	262	262
59.0	1.003336	248	248
60.0	1.003336	210	210
61.0	1.003336	215	215
62.0	1.003336	204	204
63.0	1.003336	200	200
64.0	1.003336	166	166
65.0	1.003336	201	201
66.0	1.003336	166	166
67.0	1.003336	145	145
68.0	1.003336	150	150
69.0	1.003336	153	153
70.0	1.003336	151	151
71.0	1.003336	141	141
72.0	1.003336	136	136
73.0	1.003336	119	119
74.0	1.003336	121	121
75.0	1.003336	111	111
76.0	1.003336	124	124
77.0	1.003336	85	85
78.0	1.003336	102	102
79.0	1.003336	103	103
80.0	1.003336	90	90
81.0	1.003336	80	80
82.0	1.003336	84	84
83.0	1.003336	89	89
84.0	1.003336	80	80
85.0	1.003336	81	81
86.0	1.003336	83	83
87.0	1.003336	72	72
88.0	1.003336	75	75
89.0	1.003336	60	60
90.0	1.003336	78	78
91.0	1.003336	48	48
92.0	1.003336	63	63
93.0	1.003336	64	64
94.0	1.003336	54	54
95.0	1.003336	55	55
96.0	1.003336	39	39
97.0	1.003336	59	59
98.0	1.003336	37	37
99.0	1.003336	41	41
100.0	1.003336	46	46
101.0	0	50	50
102.0	0	38	38
103.0	0	38	38
104.0	0	29	29
105.0	0	27	27
106.0	0	45	45
107.0	0	34	34
108.0	0	37	37
109.0	0	43	43
110.0	0	31	31
111.0	0	36	36
112.0	0	21	21
113.0	0	35	35
114.0	0	32	32
115.0	0	41	41
116.0	0	26	26
117.0	0	20	20
118.0	0	26	26
119.0	0	25	25
120.0	0	15	15
121.0	0	16	16
122.0	0	20	20
123.0	0	13	13
124.0	0	29	29
125.0	0	27	27
126.0	0	21	21
127.0	0	30	30
128.0	0	20	20
129.0	0	21	21
130.0	0	19	19
131.0	0	19	19
132.0	0	22	22
133.0	0	21	21
134.0	0	16	16
135.0	0	13	13
136.0	0	22	22
137.0	0	17	17
138.0	0	23	23
139.0	0	19	19
140.0	0	20	20
141.0	0	23	23
142.0	0	11	11
143.0	0	20	20
144.0	0	17	17
145.0	0	12	12
146.0	0	17	17
147.0	0	13	13
148.0	0	14	14
149.0	0	17	17
150.0	0	14	14
151.0	0	10	10
152.0	0	10	10
153.0	0	8	8
154.0	0	11	11
155.0	0	12	12
156.0	0	7	7
157.0	0	11	11
158.0	0	5	5
159.0	0	5	5
160.0	0	8	8
161.0	0	12	12
162.0	0	10	10
163.0	0	15	15
164.0	0	9	9
165.0	0	8	8
166.0	0	7	7
167.0	0	6	6
168.0	0	9	9
169.0	0	8	8
170.0	0	10	10
171.0	0	9	9
172.0	0	14	14
173.0	0	11	11
174.0	0	3	3
175.0	0	8	8
176.0	0	7	7
177.0	0	9	9
178.0	0	6	6
179.0	0	7	7
180.0	0	5	5
181.0	0	5	5
182.0	0	9	9
183.0	0	9	9
184.0	0	9	9
185.0	0	2	2
186.0	0	5	5
187.0	0	8	8
188.0	0	4	4
189.0	0	5	5
190.0	0	4	4
191.0	0	7	7
192.0	0	4	4
193.0	0	8	8
194.0	0	4	4
195.0	0	3	3
196.0	0	3	3
197.0	0	1	1
198.0	0	3	3
199.0	0	3	3
200.0	0	3	3
201.0	0	2	2
202.0	0	5	5
203.0	0	9	9
204.0	0	4	4
205.0	0	5	5
206.0	0	2	2
207.0	0	5	5
208.0	0	4	4
209.0	0	6	6
210.0	0	5	5
211.0	0	6	6
212.0	0	2	2
213.0	0	2	2
214.0	0	4	4
215.0	0	2	2
216.0	0	7	7
217.0	0	5	5
218.0	0	5	5
219.0	0	3	3
220.0	0	3	3
221.0	0	3	3
222.0	0	2	2
223.0	0	4	4
224.0	0	2	2
225.0	0	2	2
226.0	0	5	5
227.0	0	4	4
228.0	0	3	3
229.0	0	3	3
230.0	0	3	3
231.0	0	5	5
232.0	0	2	2
233.0	0	2	2
234.0	0	2	2
235.0	0	2	2
236.0	0	2	2
237.0	0	3	3
238.0	0	2	2
239.0	0	1	1
240.0	0	2	2
241.0	0	2	2
242.0	0	3	3
243.0	0	3	3
246.0	0	2	2
247.0	0	2	2
248.0	0	3	3
249.0	0	3	3
250.0	0	2	2
251.0	0	4	4
252.0	0	3	3
253.0	0	1	1
254.0	0	2	2
256.0	0	3	3
257.0	0	1	1
258.0	0	1	1
260.0	0	2	2
261.0	0	2	2
262.0	0	2	2
263.0	0	2	2
265.0	0	2	2
266.0	0	2	2
267.0	0	3	3
269.0	0	4	4
270.0	0	2	2
271.0	0	2	2
273.0	0	1	1
274.0	0	3	3
275.0	0	1	1
277.0	0	3	3
280.0	0	2	2
282.0	0	1	1
283.0	0	2	2
284.0	0	1	1
285.0	0	1	1
286.0	0	3	3
287.0	0	3	3
288.0	0	1	1
289.0	0	1	1
290.0	0	1	1
291.0	0	1	1
292.0	0	4	4
293.0	0	2	2
294.0	0	3	3
295.0	0	2	2
297.0	0	2	2
298.0	0	2	2
299.0	0	1	1
301.0	0	1	1
303.0	0	1	1
304.0	0	1	1
307.0	0	1	1
308.0	0	2	2
309.0	0	1	1
312.0	0	1	1
313.0	0	2	2
314.0	0	2	2
315.0	0	2	2
316.0	0	1	1
318.0	0	1	1
319.0	0	2	2
320.0	0	1	1
322.0	0	1	1
323.0	0	1	1
325.0	0	3	3
330.0	0	1	1
332.0	0	2	2
333.0	0	1	1
334.0	0	1	1
335.0	0	2	2
336.0	0	1	1
337.0	0	1	1
338.0	0	2	2
339.0	0	1	1
342.0	0	1	1
343.0	0	1	1
345.0	0	2	2
346.0	0	2	2
348.0	0	2	2
349.0	0	1	1
352.0	0	2	2
353.0	0	1	1
354.0	0	2	2
355.0	0	1	1
356.0	0	2	2
357.0	0	1	1
364.0	0	1	1
365.0	0	1	1
367.0	0	1	1
370.0	0	1	1
371.0	0	1	1
374.0	0	1	1
375.0	0	1	1
376.0	0	1	1
378.0	0	2	2
379.0	0	2	2
380.0	0	1	1
381.0	0	1	1
382.0	0	1	1
383.0	0	1	1
384.0	0	2	2
386.0	0	1	1
388.0	0	1	1
394.0	0	1	1
396.0	0	1	1
398.0	0	2	2
403.0	0	1	1
407.0	0	1	1
409.0	0	1	1
413.0	0	1	1
414.0	0	1	1
415.0	0	1	1
419.0	0	2	2
425.0	0	1	1
445.0	0	1	1
446.0	0	1	1
448.0	0	1	1
456.0	0	1	1
463.0	0	1	1
465.0	0	1	1
466.0	0	2	2
468.0	0	1	1
472.0	0	2	2
473.0	0	1	1
479.0	0	1	1
483.0	0	1	1
525.0	0	1	1
535.0	0	1	1
580.0	0	1	1
587.0	0	1	1
589.0	0	1	1
590.0	0	1	1
628.0	0	1	1
632.0	0	1	1
687.0	0	1	1
761.0	0	1	1
800.0	0	1	1
816.0	0	1	1
823.0	0	1	1
863.0	0	1	1
945.0	0	1	1
969.0	0	1	1
1709.0	0	1	1

