## htsjdk.samtools.metrics.StringHeader
# MarkDuplicates --BARCODE_TAG BX --INPUT results/group_umis/bam/S24_1_paired_end.bam --OUTPUT results/mark_duplicates/bam/S24_umi.bam --METRICS_FILE results/mark_duplicates/log/S24_umi.metrics.txt --TMP_DIR /mnt/tmp_local/lls_2382525/tmp9z3klaey --MAX_SEQUENCES_FOR_DISK_READ_ENDS_MAP 50000 --MAX_FILE_HANDLES_FOR_READ_ENDS_MAP 8000 --SORTING_COLLECTION_SIZE_RATIO 0.25 --TAG_DUPLICATE_SET_MEMBERS false --REMOVE_SEQUENCING_DUPLICATES false --TAGGING_POLICY DontTag --CLEAR_DT true --DUPLEX_UMI false --FLOW_MODE false --FLOW_QUALITY_SUM_STRATEGY false --USE_END_IN_UNPAIRED_READS false --USE_UNPAIRED_CLIPPED_END false --UNPAIRED_END_UNCERTAINTY 0 --FLOW_SKIP_FIRST_N_FLOWS 0 --FLOW_Q_IS_KNOWN_END false --FLOW_EFFECTIVE_QUALITY_THRESHOLD 15 --ADD_PG_TAG_TO_READS true --REMOVE_DUPLICATES false --ASSUME_SORTED false --DUPLICATE_SCORING_STRATEGY SUM_OF_BASE_QUALITIES --PROGRAM_RECORD_ID MarkDuplicates --PROGRAM_GROUP_NAME MarkDuplicates --READ_NAME_REGEX <optimized capture of last three ':' separated fields as numeric values> --OPTICAL_DUPLICATE_PIXEL_DISTANCE 100 --MAX_OPTICAL_DUPLICATE_SET_SIZE 300000 --VERBOSITY INFO --QUIET false --VALIDATION_STRINGENCY STRICT --COMPRESSION_LEVEL 5 --MAX_RECORDS_IN_RAM 500000 --CREATE_INDEX false --CREATE_MD5_FILE false --help false --version false --showHidden false --USE_JDK_DEFLATER false --USE_JDK_INFLATER false
## htsjdk.samtools.metrics.StringHeader
# Started on: Fri Jun 28 15:33:12 ACST 2024

## METRICS CLASS	picard.sam.DuplicationMetrics
LIBRARY	UNPAIRED_READS_EXAMINED	READ_PAIRS_EXAMINED	SECONDARY_OR_SUPPLEMENTARY_RDS	UNMAPPED_READS	UNPAIRED_READ_DUPLICATES	READ_PAIR_DUPLICATES	READ_PAIR_OPTICAL_DUPLICATES	PERCENT_DUPLICATION	ESTIMATED_LIBRARY_SIZE
Unknown Library	3	110869399	15442312	0	2	68932610	0	0.621746	46097296

## HISTOGRAM	java.lang.Double
BIN	CoverageMult	all_sets	non_optical_sets
1.0	1	14226486	14226486
2.0	1.090255	10294114	10294114
3.0	1.098401	7304684	7304684
4.0	1.099136	4603712	4603712
5.0	1.099202	2618556	2618556
6.0	1.099208	1378920	1378920
7.0	1.099209	687259	687259
8.0	1.099209	335356	335356
9.0	1.099209	167479	167479
10.0	1.099209	89463	89463
11.0	1.099209	52257	52257
12.0	1.099209	34110	34110
13.0	1.099209	23996	23996
14.0	1.099209	17769	17769
15.0	1.099209	13715	13715
16.0	1.099209	10968	10968
17.0	1.099209	8702	8702
18.0	1.099209	7307	7307
19.0	1.099209	6419	6419
20.0	1.099209	5352	5352
21.0	1.099209	4366	4366
22.0	1.099209	3962	3962
23.0	1.099209	3457	3457
24.0	1.099209	3082	3082
25.0	1.099209	2622	2622
26.0	1.099209	2306	2306
27.0	1.099209	2092	2092
28.0	1.099209	1969	1969
29.0	1.099209	1688	1688
30.0	1.099209	1500	1500
31.0	1.099209	1395	1395
32.0	1.099209	1269	1269
33.0	1.099209	1174	1174
34.0	1.099209	1068	1068
35.0	1.099209	1006	1006
36.0	1.099209	919	919
37.0	1.099209	824	824
38.0	1.099209	760	760
39.0	1.099209	716	716
40.0	1.099209	681	681
41.0	1.099209	625	625
42.0	1.099209	579	579
43.0	1.099209	533	533
44.0	1.099209	456	456
45.0	1.099209	470	470
46.0	1.099209	467	467
47.0	1.099209	419	419
48.0	1.099209	368	368
49.0	1.099209	359	359
50.0	1.099209	355	355
51.0	1.099209	328	328
52.0	1.099209	282	282
53.0	1.099209	294	294
54.0	1.099209	284	284
55.0	1.099209	270	270
56.0	1.099209	217	217
57.0	1.099209	242	242
58.0	1.099209	232	232
59.0	1.099209	219	219
60.0	1.099209	224	224
61.0	1.099209	192	192
62.0	1.099209	167	167
63.0	1.099209	165	165
64.0	1.099209	176	176
65.0	1.099209	150	150
66.0	1.099209	148	148
67.0	1.099209	168	168
68.0	1.099209	164	164
69.0	1.099209	131	131
70.0	1.099209	142	142
71.0	1.099209	136	136
72.0	1.099209	131	131
73.0	1.099209	101	101
74.0	1.099209	115	115
75.0	1.099209	111	111
76.0	1.099209	89	89
77.0	1.099209	103	103
78.0	1.099209	106	106
79.0	1.099209	94	94
80.0	1.099209	82	82
81.0	1.099209	76	76
82.0	1.099209	73	73
83.0	1.099209	69	69
84.0	1.099209	85	85
85.0	1.099209	77	77
86.0	1.099209	71	71
87.0	1.099209	69	69
88.0	1.099209	76	76
89.0	1.099209	71	71
90.0	1.099209	73	73
91.0	1.099209	47	47
92.0	1.099209	55	55
93.0	1.099209	38	38
94.0	1.099209	50	50
95.0	1.099209	54	54
96.0	1.099209	51	51
97.0	1.099209	58	58
98.0	1.099209	52	52
99.0	1.099209	42	42
100.0	1.099209	42	42
101.0	0	42	42
102.0	0	46	46
103.0	0	60	60
104.0	0	41	41
105.0	0	46	46
106.0	0	33	33
107.0	0	38	38
108.0	0	32	32
109.0	0	33	33
110.0	0	22	22
111.0	0	40	40
112.0	0	24	24
113.0	0	40	40
114.0	0	28	28
115.0	0	29	29
116.0	0	26	26
117.0	0	31	31
118.0	0	21	21
119.0	0	28	28
120.0	0	22	22
121.0	0	21	21
122.0	0	28	28
123.0	0	28	28
124.0	0	20	20
125.0	0	24	24
126.0	0	21	21
127.0	0	25	25
128.0	0	17	17
129.0	0	22	22
130.0	0	25	25
131.0	0	25	25
132.0	0	16	16
133.0	0	21	21
134.0	0	20	20
135.0	0	22	22
136.0	0	19	19
137.0	0	16	16
138.0	0	20	20
139.0	0	19	19
140.0	0	19	19
141.0	0	19	19
142.0	0	20	20
143.0	0	18	18
144.0	0	13	13
145.0	0	23	23
146.0	0	9	9
147.0	0	11	11
148.0	0	17	17
149.0	0	15	15
150.0	0	17	17
151.0	0	10	10
152.0	0	16	16
153.0	0	16	16
154.0	0	17	17
155.0	0	13	13
156.0	0	5	5
157.0	0	16	16
158.0	0	8	8
159.0	0	13	13
160.0	0	10	10
161.0	0	5	5
162.0	0	5	5
163.0	0	6	6
164.0	0	10	10
165.0	0	13	13
166.0	0	10	10
167.0	0	12	12
168.0	0	10	10
169.0	0	11	11
170.0	0	8	8
171.0	0	8	8
172.0	0	7	7
173.0	0	15	15
174.0	0	8	8
175.0	0	5	5
176.0	0	6	6
177.0	0	6	6
178.0	0	9	9
179.0	0	8	8
180.0	0	14	14
181.0	0	7	7
182.0	0	12	12
183.0	0	8	8
184.0	0	7	7
185.0	0	10	10
186.0	0	4	4
187.0	0	7	7
188.0	0	7	7
189.0	0	3	3
190.0	0	5	5
191.0	0	7	7
192.0	0	8	8
193.0	0	6	6
194.0	0	5	5
195.0	0	7	7
196.0	0	8	8
197.0	0	6	6
198.0	0	4	4
199.0	0	5	5
200.0	0	10	10
201.0	0	5	5
202.0	0	5	5
203.0	0	6	6
204.0	0	1	1
205.0	0	9	9
206.0	0	5	5
207.0	0	7	7
208.0	0	8	8
209.0	0	3	3
210.0	0	4	4
211.0	0	3	3
212.0	0	10	10
213.0	0	6	6
214.0	0	6	6
215.0	0	8	8
216.0	0	4	4
217.0	0	3	3
218.0	0	3	3
219.0	0	7	7
220.0	0	5	5
221.0	0	2	2
222.0	0	5	5
223.0	0	6	6
224.0	0	3	3
225.0	0	5	5
226.0	0	3	3
227.0	0	7	7
228.0	0	5	5
229.0	0	2	2
230.0	0	4	4
231.0	0	2	2
232.0	0	6	6
233.0	0	5	5
234.0	0	1	1
236.0	0	4	4
237.0	0	2	2
238.0	0	4	4
239.0	0	3	3
240.0	0	2	2
241.0	0	1	1
242.0	0	6	6
244.0	0	7	7
245.0	0	4	4
247.0	0	4	4
248.0	0	2	2
249.0	0	2	2
250.0	0	4	4
251.0	0	5	5
252.0	0	1	1
253.0	0	2	2
254.0	0	2	2
255.0	0	2	2
256.0	0	2	2
257.0	0	3	3
258.0	0	1	1
259.0	0	3	3
260.0	0	2	2
261.0	0	2	2
263.0	0	5	5
264.0	0	4	4
265.0	0	2	2
267.0	0	2	2
268.0	0	2	2
269.0	0	3	3
270.0	0	3	3
271.0	0	2	2
272.0	0	1	1
273.0	0	5	5
274.0	0	2	2
275.0	0	4	4
276.0	0	3	3
277.0	0	3	3
278.0	0	1	1
279.0	0	1	1
280.0	0	3	3
281.0	0	1	1
283.0	0	2	2
284.0	0	2	2
285.0	0	1	1
286.0	0	3	3
287.0	0	4	4
289.0	0	3	3
290.0	0	1	1
291.0	0	1	1
292.0	0	1	1
293.0	0	1	1
295.0	0	3	3
296.0	0	2	2
297.0	0	1	1
298.0	0	4	4
299.0	0	2	2
300.0	0	1	1
301.0	0	1	1
302.0	0	1	1
303.0	0	1	1
304.0	0	1	1
305.0	0	1	1
306.0	0	1	1
307.0	0	2	2
308.0	0	1	1
309.0	0	5	5
310.0	0	1	1
311.0	0	1	1
312.0	0	2	2
313.0	0	1	1
314.0	0	1	1
315.0	0	2	2
317.0	0	3	3
318.0	0	2	2
320.0	0	1	1
321.0	0	1	1
322.0	0	4	4
323.0	0	1	1
324.0	0	1	1
325.0	0	1	1
326.0	0	2	2
327.0	0	1	1
329.0	0	2	2
333.0	0	5	5
334.0	0	1	1
335.0	0	1	1
336.0	0	1	1
337.0	0	1	1
342.0	0	2	2
344.0	0	2	2
345.0	0	1	1
348.0	0	1	1
349.0	0	2	2
350.0	0	1	1
352.0	0	1	1
353.0	0	1	1
357.0	0	1	1
358.0	0	1	1
359.0	0	2	2
360.0	0	3	3
361.0	0	2	2
362.0	0	1	1
364.0	0	1	1
367.0	0	2	2
371.0	0	1	1
373.0	0	3	3
376.0	0	1	1
377.0	0	1	1
387.0	0	2	2
388.0	0	1	1
389.0	0	1	1
390.0	0	1	1
391.0	0	1	1
398.0	0	1	1
399.0	0	2	2
401.0	0	1	1
403.0	0	1	1
404.0	0	1	1
405.0	0	1	1
406.0	0	1	1
409.0	0	1	1
414.0	0	1	1
415.0	0	1	1
417.0	0	1	1
420.0	0	2	2
421.0	0	2	2
422.0	0	2	2
423.0	0	2	2
424.0	0	1	1
425.0	0	1	1
427.0	0	1	1
430.0	0	1	1
431.0	0	1	1
436.0	0	1	1
442.0	0	1	1
443.0	0	2	2
447.0	0	1	1
449.0	0	1	1
451.0	0	1	1
452.0	0	1	1
453.0	0	1	1
460.0	0	1	1
468.0	0	1	1
470.0	0	1	1
479.0	0	1	1
485.0	0	1	1
489.0	0	2	2
490.0	0	1	1
494.0	0	1	1
495.0	0	1	1
499.0	0	2	2
504.0	0	1	1
511.0	0	1	1
512.0	0	1	1
516.0	0	1	1
517.0	0	1	1
523.0	0	1	1
526.0	0	1	1
531.0	0	1	1
533.0	0	1	1
535.0	0	1	1
548.0	0	1	1
552.0	0	1	1
555.0	0	1	1
571.0	0	1	1
582.0	0	1	1
583.0	0	1	1
592.0	0	1	1
596.0	0	1	1
639.0	0	1	1
651.0	0	1	1
664.0	0	1	1
693.0	0	1	1
771.0	0	1	1
804.0	0	1	1
819.0	0	1	1
945.0	0	1	1
993.0	0	1	1
1083.0	0	1	1
1106.0	0	1	1
1122.0	0	1	1
1137.0	0	1	1
1359.0	0	1	1
2784.0	0	1	1

